0 480 -1
80 480 -1
40 480 -1
120 480 -1
280 480 -1
360 480 -1
400 480 -1
440 480 -1
320 480 -1
480 480 -1
160 480 -1
200 480 -1
0 460 -1
40 460 -1
80 460 -1
120 460 -1
160 460 -1
320 460 -1
360 460 -1
400 460 -1
440 460 -1
360 440 -1
400 440 -1
440 440 -1
440 420 -1
400 420 -1
360 420 -1
0 440 -1
40 440 -1
80 440 -1
120 440 -1
80 420 -1
40 420 -1
0 420 -1
80 400 -1
120 380 -1
160 360 -1
200 360 -1
240 360 -1
280 360 -1
360 400 -1
320 380 -1
200 340 -1
240 340 -1
320 280 -1
280 300 -1
280 320 -1
240 320 -1
240 300 -1
200 300 -1
200 320 -1
160 320 -1
160 300 -1
160 280 -1
120 280 -1
120 300 -1
120 260 -1
80 280 -1
80 260 -1
80 240 -1
40 260 -1
40 240 -1
40 220 -1
40 200 -1
40 180 -1
40 160 -1
40 140 -1
80 160 -1
80 140 -1
80 120 -1
120 140 -1
120 120 -1
120 100 -1
160 120 -1
160 100 -1
160 80 -1
200 80 -1
200 100 -1
240 80 -1
240 100 -1
280 100 -1
280 120 -1
280 140 -1
320 120 -1
320 140 -1
320 160 -1
80 220 -1
80 200 -1
80 180 -1
320 300 -1
480 460 -1
480 440 -1
480 420 -1
